1 477.0 50.0 0 0 200 -1 0 0 0 0 0 0 
1 30.0 83.0 0 0 200 -1 0 0 0 0 0 0 0 
1 94.0 83.0 0 0 200 -1 0 0 0 0 0 0 0 
1 158.0 83.0 0 0 200 -1 0 0 0 0 0 0 0 
1 222.0 83.0 0 0 200 -1 0 0 0 0 0 0 0 
1 286.0 83.0 0 0 200 -1 0 0 0 0 0 0 0 
1 350.0 83.0 0 0 200 -1 0 0 0 0 0 0 0 
1 414.0 83.0 0 0 200 -1 0 0 0 0 0 0 0 

2 0.0 0.0 2.0 146.0 0 0 0 0 0 0 0 0 0  
2 2.0 146.0 478.0 30.0 0 0 0 0 0 0 0 0 0 
2 447.0 114.0 103.0 32.0 0 0 0 0 0 0 0 0 0 
2 257.0 0.0 15.0 79.0 0 0 0 0 0 0 0 0 0 
2 514.0 0.0 30.0 47.0 0 0 0 0 0 0 0 0 0 

2 527.0 103.0 21.0 10.0 0 0 0 2 535.0 84.0 1 0 0

11 0 0 0 0 0 0 0 700 0 0 0 0 0