1 1501.0 84.0 0 0 200 4 0 0 0 0 0 0 0
1 1371.0 112.0 0 0 200 -1 0 0 0 0 0 0 0
1 1439.0 112.0 0 0 200 -1 0 0 0 0 0 0 0
1 670.0 47.0 0 0 200 -1 0 0 0 0 0 0 0
1 739.0 47.0 0 0 200 -1 0 0 0 0 0 0 0
1 92.0 14.0 0 0 200 -1 0 0 0 0 0 0 0

2 1345.0 145.0 192.0 15.0 0 0 0 0 0 0 0 0 0
2 1217.0 81.0 161.0 15.0 0 0 0 0 0 0 0 0 0
2 1153.0 81.0 33.0 15.0 0 0 0 0 0 0 0 0 0
2 1089.0 81.0 33.0 15.0 0 0 0 0 0 0 0 0 0
2 992.0 81.0 66.0 15.0 0 0 0 0 0 0 0 0 0
2 895.0 81.0 66.0 15.0 0 0 0 0 0 0 0 0 0
2 673.0 81.0 192.0 15.0 0 0 0 0 0 0 0 0 0
2 607.0 81.0 33.0 15.0 0 0 0 0 0 0 0 0 0
2 480.0 81.0 98.0 15.0 0 0 0 0 0 0 0 0 0
2 352.0 81.0 33.0 15.0 0 0 0 0 0 0 0 0 0
2 417.0 81.0 33.0 15.0 0 0 0 0 0 0 0 0 0
2 33.0 81.0 288.0 15.0 0 0 0 0 0 0 0 0 0
2 0.0 0.0 33.0 182.0 0 0 0 0 0 0 0 0 0

2 1360.0 68.0 24.0 13.0 0 0 0 2 1370.0 50.0 1 0 0
2 1420.0 130.0 28.0 14.0 0 0 0 1 1434.0 113.0 -1 0 0

5 1343.0 0.0 10 70 1 0 0 4 0 0 0 1220.0 0.0
5 793.0 0.0 10 70 1 0 0 4 0 0 0 673.0 0.0
5 580.0 0.0 10 70 1 0 0 4 0 0 0 460.0 0.0
