1 1629.0 33.0 0 0 200 -1 0 0 0 0 0 0 0
1 1567.0 130.0 0 0 200 -1 0 0 0 0 0 0 0
1 1689.0 18.0 0 0 200 -1 0 0 0 0 0 0 0
1 1837.0 17.0 0 0 200 -1 0 0 0 0 0 0 0
1 1757.0 97.0 0 0 200 -1 0 0 0 0 0 0 0
1 1885.0 129.0 34.0 0 0 200 -1 0 0 0 0 0 0 
1 1946.0 18.0 0 0 200 -1 0 0 0 0 0 0 0
1 2004.0 36.0 0 0 200 -1 0 0 0 0 0 0 0

12 1792.0 127.0 0 0 0 0 0 0 0 0 0 0 0

5 1600.0 46.0 16 62 0 0 35 4 0 0 0 1770.0 40.0
5 1774.0 143.0 18 15 0 0 135 4 0 0 0 1900.0 135.0
5 1679.0 141.0 22 51 0 0 135 4 0 0 0 1550.0 135.0
5 1904.0 108.0 18 49 0 0 135 4 0 0 0 1750.0 135.0
5 1951.0 0.0 18 62 0 0 35 4 0 0 0 1800.0 135.0