1 28.0 130.0 0 0 200 -1 0 0 0 0 0 0 0
1 156.0 130.0 0 0 200 -1 0 0 0 0 0 0 0
1 284.0 130.0 0 0 200 -1 0 0 0 0 0 0 0
1 412.0 130.0 0 0 200 -1 0 0 0 0 0 0 0
1 540.0 130.0 0 0 200 -1 0 0 0 0 0 0 0

1 90.0 97.0 0 0 200 -1 0 0 0 0 0 0 0
1 218.0 97.0 0 0 200 -1 0 0 0 0 0 0 0
1 346.0 97.0 0 0 200 -1 0 0 0 0 0 0 0
1 474.0 97.0 0 0 200 -1 0 0 0 0 0 0 0

1 1051.0 129.0 0 0 200 -1 0 0 0 0 0 0 0
1 1115.0 129.0 0 0 200 -1 0 0 0 0 0 0 0
1 1179.0 129.0 0 0 200 -1 0 0 0 0 0 0 0
1 1243.0 129.0 0 0 200 -1 0 0 0 0 0 0 0
1 1307.0 129.0 0 0 200 -1 0 0 0 0 0 0 0

1 603.0 96.0 0 0 200 -1 0 0 0 0 0 0 0
1 670.0 35.0 0 0 200 -1 0 0 0 0 0 0 0
1 731.0 129.0 0 0 200 -1 0 0 0 0 0 0 0
1 797.0 5.0 0 0 200 -1 0 0 0 0 0 0 0
1 858.0 34.0 0 0 200 -1 0 0 0 0 0 0 0
1 923.0 129.0 0 0 200 -1 0 0 0 0 0 0 0
1 991.0 32.0 0 0 200 -1 0 0 0 0 0 0 0
1 1370.0 94.0 0 0 200 -1 0 0 0 0 0 0 0
1 1436.0 35.0 0 0 200 -1 0 0 0 0 0 0 0
1 1500.0 2.0 0 0 200 -1 0 0 0 0 0 0 0

2 0.0 161.0 1530.0 15.0 0 0 0 0 0 0 0 0 0
2 1386.0 67.0 147.0 14.0 0 0 0 0 0 0 0 0 0
2 1.0 0.0 1.0 160.0 0 0 0 0 0 0 0 0 0
2 1527.0 78.0 1.0 81.0 0 0 0 0 0 0 0 0 0
2 681.0 91.0 5.0 7.0 0 0 0 3 0 0 0 0 0
2 741.0 62.0 5.0 7.0 0 0 0 3 0 0 0 0 0
2 745.0 93.0 5.0 7.0 0 0 0 3 0 0 0 0 0
2 913.0 61.0 5.0 7.0 0 0 0 3 0 0 0 0 0
2 909.0 94.0 5.0 7.0 0 0 0 3 0 0 0 0 0
2 1025.0 91.0 5.0 7.0 0 0 0 3 0 0 0 0 0
2 688.0 98.0 48.0 15.0 0 0 0 0 0 0 0 0 0
2 752.0 66.0 160.0 15.0 0 0 0 0 0 0 0 0 0
2 928.0 98.0 96.0 15.0 0 0 0 0 0 0 0 0 0
2 1535.0 67.0 130.0 14.0 0 0 0 0 0 0 0 0 0

2 607.0 148.0 40.0 12.0 0 0 0 1 617.0 130.0 1 0 0
2 706.0 84.0 27.0 11.0 0 0 0 1 714.0 66.0 1 0 0
2 929.0 80.0 33.0 20.0 0 0 0 1 937.0 64.0 1 0 0
2 1283.0 149.0 27.0 13.0 0 0 0 1 1289.0 128.0 1 0 0
2 682.0 81.0 23.0 13.0 0 0 0 2 681.0 65.0 -1 0 0
2 746.0 52.0 23.0 13.0 0 0 0 2 745.0 34.0 -1 0 0
2 895.0 50.0 24.0 15.0 0 0 0 2 904.0 33.0 1 0 0
2 1390.0 50.0 56.0 15.0 0 0 0 2 1384.0 33.0 -1 0 0

3 690.0 79.0 0 0 0 0 0 0 0 0 0 0 0
3 870.0 46.0 0 0 0 0 0 0 0 0 0 0 0
3 931.0 79.0 0 0 0 0 0 0 0 0 0 0 0

4 250.0 127.0 0 0 0 0 0 0 0 0 0 0 0
4 290.0 127.0 0 0 0 0 0 0 0 0 0 0 0
4 330.0 127.0 0 0 0 0 0 0 0 0 0 0 0
