1 26.0 18.0 0 0 200 -1 0 0 0 0 0 0 0
1 92.0 18.0 0 0 200 -1 0 0 0 0 0 0 0
1 158.0 18.0 0 0 200 -1 0 0 0 0 0 0 0
1 224.0 18.0 0 0 200 -1 0 0 0 0 0 0 0
1 290.0 18.0 0 0 200 -1 0 0 0 0 0 0 0
1 356.0 18.0 0 0 200 -1 0 0 0 0 0 0 0
1 422.0 18.0 0 0 200 -1 0 0 0 0 0 0 0
1 488.0 18.0 0 0 200 -1 0 0 0 0 0 0 0

2 97.0 50.0 32.0 15.0 0 0 0 0 0 0 0 0 0
2 0.0 83.0 224.0 15.0 0 0 0 0 0 0 0 0 0
2 257.0 83.0 32.0 15.0 0 0 0 0 0 0 0 0 0
2 320.0 83.0 161.0 14.0 0 0 0 0 0 0 0 0 0
2 481.0 114.0 32.0 15.0 0 0 0 0 0 0 0 0 0
2 449.0 146.0 32.0 15.0 0 0 0 0 0 0 0 0 0
2 504.0 0.0 8.0 96.0 0 0 0 0 0 0 0 0 0

2 88.0 39.0 25.0 12.0 0 0 0 1 89.0 18.0 -1 0 0
2 432.0 68.0 21.0 14.0 0 0 0 1 440.0 50.0 -1 0 0

6 103.0 35.0 16 16 0 0 0 1000 0 0 -1 164.0 164.0
6 96.0 0.0 48 83 0 0 0 1000 0 0 -1 164.0 164.0
6 96.0 0.0 48 83 0 0 0 1000 0 0 1 20.0 164.0
6 368.0 0.0 81 83 0 0 0 1000 0 0 -1 326.0 164.0
6 368.0 0.0 81 83 0 0 0 1000 0 0 1 450.0 164.0