1 2140.0 34.0 0 0 200 -1 0 0 0 0 0 0 0
1 2077.0 93.0 0 0 200 -1 0 0 0 0 0 0 0
1 2205.0 67.0 0 0 200 -1 0 0 0 0 0 0 0
1 2268.0 37.0 0 0 200 -1 0 0 0 0 0 0 0
1 2397.0 101.0 0 0 200 4 0 0 0 0 0 0 0
1 2333.0 132.0 0 0 200 -1 0 0 0 0 0 0 0
1 2460.0 131.0 0 0 200 -1 0 0 0 0 0 0 0
1 2526.0 131.0 0 0 200 -1 0 0 0 0 0 0 0
1 2588.0 99.0 0 0 200 -1 0 0 0 0 0 0 0
1 2716.0 99.0 0 0 200 -1 0 0 0 0 0 0 0
1 2652.0 130.0 0 0 200 -1 0 0 0 0 0 0 0
1 2588.0 99.0 0 0 200 -1 0 0 0 0 0 0 0

2 2049.0 65.0 112.0 15.0 0 0 0 0 0 0 0 0 0
2 2040.0 160.0 780.0 16.0 0 0 0 0 0 0 0 0 0
2 2177.0 97.0 176.0 15.0 0 0 0 0 0 0 0 0 0
2 2721.0 127.0 30.0 13.0 0 0 0 0 0 0 0 0 0
2 2771.0 94.0 44.0 14.0 0 0 0 0 0 0 0 0 0

2 2145.0 48.0 20.0 17.0 0 0 0 2 2153.0 32.0 1 0 0
2 2177.0 86.0 32.0 12.0 0 0 0 1 2184.0 65.0 -1 0 0
2 2335.0 81.0 23.0 16.0 0 0 0 2 2345.0 65.0 1 0 0
2 2400.0 150.0 33.0 11.0 0 0 0 1 2409.0 128.0 -1 0 0
2 2727.0 117.0 25.0 13.0 0 0 0 1 2730.0 96.0 1 0 0
2 2762.0 81.0 25.0 16.0 0 0 0 2 2760.0 65.0 -1 0 0

4 2062.0 127.0 0 0 0 0 0 0 0 0 0 0 0
4 2153.0 127.0 0 0 0 0 0 0 0 0 0 0 0

10 2666.0 0.0 0 0 0 0 0 0 0 0 0 0