2 639.0 146.0 32.0 12.0 0 0 0 0 0 0 0 0 0
2 1.0 82.0 32.0 94.0 0 0 0 0 0 0 0 0 0
2 128.0 146.0 30.0 29.0 0 0 0 0 0 0 0 0 0
2 160.0 16.0 32.0 159.0 0 0 0 0 0 0 0 0 0
2 257.0 114.0 62.0 30.0 0 0 0 0 0 0 0 0 0
2 336.0 146.0 47.0 17.0 0 0 0 0 0 0 0 0 0
2 434.0 146.0 47.0 18.0 0 0 0 0 0 0 0 0 0
2 368.0 114.0 79.0 16.0 0 0 0 0 0 0 0 0 0
2 336.0 49.0 79.0 3.0 0 0 0 0 0 0 0 0 0
2 449.0 49.0 32.0 31.0 0 0 0 0 0 0 0 0 0
2 481.0 49.0 190.0 14.0 0 0 0 0 0 0 0 0 0
2 481.0 63.0 33.0 16.0 0 0 0 0 0 0 0 0 0
2 481.0 79.0 33.0 16.0 0 0 0 0 0 0 0 0 0
2 481.0 95.0 33.0 16.0 0 0 0 0 0 0 0 0 0
2 481.0 111.0 33.0 16.0 0 0 0 0 0 0 0 0 0
2 481.0 127.0 33.0 16.0 0 0 0 0 0 0 0 0 0
2 481.0 143.0 33.0 16.0 0 0 0 0 0 0 0 0 0
2 481.0 144.0 33.0 32.0 0 0 0 0 0 0 0 0 0
2 514.0 146.0 126.0 30.0 0 0 0 0 0 0 0 0 0
2 705.0 81.0 30.0 15.0 0 0 0 0 0 0 0 0 0
2 705.0 145.0 30.0 15.0 0 0 0 0 0 0 0 0 0
2 737.0 1.0 31.0 175.0 0 0 0 0 0 0 0 0 0
2 33.0 82.0 32.0 16.0 0 0 0 0 0 0 0 0 0
2 1.0 1.0 32.0 16.0 0 0 0 0 0 0 0 0 0
2 676.0 139.0 7.0 7.0 0 0 0 3 0 0 0 0 0
2 696.0 139.0 7.0 7.0 0 0 0 3 0 0 0 0 0
2 677.0 44.0 7.0 7.0 0 0 0 3 0 0 0 0 0

2 701.0 137.0 17.0 7.0 0 0 0 2 697.0 115.0 -1 0 0
2 629.0 135.0 26.0 10.0 0 0 0 1 634.0 113.0 1 0 0
2 656.0 42.0 23.0 7.0 0 0 0 2 665.0 19.0 1 0 0
2 303.0 105.0 23.0 8.0 0 0 0 2 313.0 83.0 1 0 0
2 42.0 72.0 25.0 8.0 0 0 0 2 57.0 50.0 1 0 0
2 702.0 69.0 22.0 11.0 0 0 0 6 697.0 50.0 -1 0 0
2 349.0 133.0 24.0 11.0 0 0 0 6 345.0 114.0 -1 0 0
2 127.0 129.0 27.0 15.0 0 0 0 6 122.0 114.0 -1 0 0
