2 0.0 161.0 1530.0 15.0 0 0 0 0 0 0 0 0 0
2 1386.0 65.0 147.0 14.0 0 0 0 0 0 0 0 0 0
2 1.0 0.0 1.0 160.0 0 0 0 0 0 0 0 0 0
2 1527.0 78.0 1.0 81.0 0 0 0 0 0 0 0 0 0
2 681.0 91.0 5.0 7.0 0 0 0 3 0 0 0 0 0
2 741.0 62.0 5.0 7.0 0 0 0 3 0 0 0 0 0
2 745.0 93.0 5.0 7.0 0 0 0 3 0 0 0 0 0
2 913.0 61.0 5.0 7.0 0 0 0 3 0 0 0 0 0
2 909.0 94.0 5.0 7.0 0 0 0 3 0 0 0 0 0
2 1025.0 91.0 5.0 7.0 0 0 0 3 0 0 0 0 0
2 688.0 98.0 48.0 15.0 0 0 0 0 0 0 0 0 0
2 752.0 66.0 160.0 15.0 0 0 0 0 0 0 0 0 0
2 928.0 98.0 96.0 15.0 0 0 0 0 0 0 0 0 0
2 1535.0 67.0 130.0 14.0 0 0 0 0 0 0 0 0 0

2 607.0 148.0 40.0 12.0 0 0 0 1 617.0 130.0 1 0 0
2 706.0 84.0 27.0 11.0 0 0 0 1 714.0 66.0 1 0 0
2 929.0 80.0 33.0 20.0 0 0 0 1 937.0 64.0 1 0 0
2 1283.0 149.0 27.0 13.0 0 0 0 1 1289.0 128.0 1 0 0
2 682.0 81.0 23.0 13.0 0 0 0 2 681.0 65.0 -1 0 0
2 746.0 52.0 23.0 13.0 0 0 0 2 745.0 34.0 -1 0 0
2 895.0 50.0 24.0 15.0 0 0 0 2 904.0 33.0 1 0 0
2 1390.0 50.0 56.0 15.0 0 0 0 2 1384.0 33.0 -1 0 0
