2 1535.0 12.0 5.0 51.0 0 0 0 0 0 0 0 0 0
2 1792.0 81.0 33.0 32.0 0 0 0 0 0 0 0 0 0
2 1824.0 81.0 33.0 80.0 0 0 0 0 0 0 0 0 0
2 1792.0 110.0 17.0 16.0 0 0 0 0 0 0 0 0 0
2 1808.0 110.0 17.0 49.0 0 0 0 0 0 0 0 0 0
2 1535.0 67.0 128.0 15.0 0 0 0 0 0 0 0 0 0
2 1539.0 162.0 513.0 15.0 0 0 0 0 0 0 0 0 0
2 1539.0 77.0 5.0 82.0 0 0 0 0 0 0 0 0 0
2 1529.0 0.0 15.0 12.0 0 0 0 0 0 0 0 0 0
2 1953.0 65.0 129.0 15.0 0 0 0 0 0 0 0 0 0
2 2040.0 77.0 5.0 79.0 0 0 0 0 0 0 0 0 0
2 2016.0 0.0 32.0 12.0 0 0 0 0 0 0 0 0 0
2 1665.0 97.0 48.0 15.0 0 0 0 0 0 0 0 0 0
2 1889.0 97.0 48.0 15.0 0 0 0 0 0 0 0 0 0
2 1857.0 81.0 32.0 15.0 0 0 0 0 0 0 0 0 0

2 1695.0 80.0 20.0 16.0 0 0 0 2 1705.0 64.0 1 0 0
2 1760.0 147.0 24.0 11.0 0 0 0 1 1768.0 128.0 -1 0 0
2 1920.0 78.0 21.0 16.0 0 0 0 2 1929.0 64.0 1 0 0
2 1984.0 147.0 27.0 11.0 0 0 0 1 1993.0 128.0 -1 0 0
2 1567.0 147.0 30.0 15.0 0 0 0 2 1575.0 128.0 1 0 0
2 1888.0 147.0 30.0 15.0 0 0 0 2 1896.0 128.0 1 0 0