2 2049.0 65.0 112.0 15.0 0 0 0 0 0 0 0 0 0
2 2040.0 160.0 780.0 16.0 0 0 0 0 0 0 0 0 0
2 2177.0 97.0 176.0 15.0 0 0 0 0 0 0 0 0 0
2 2721.0 127.0 30.0 13.0 0 0 0 0 0 0 0 0 0
2 2771.0 94.0 44.0 14.0 0 0 0 0 0 0 0 0 0
2 2040.0 0.0 7.0 162.0 0 0 0 0 0 0 0 0 0
2 2809.0 0.0 7.0 162.0 0 0 0 0 0 0 0 0 0

2 2145.0 48.0 20.0 17.0 0 0 0 2 2153.0 32.0 1 0 0
2 2177.0 86.0 32.0 12.0 0 0 0 1 2184.0 65.0 -1 0 0
2 2335.0 81.0 23.0 16.0 0 0 0 2 2345.0 65.0 1 0 0
2 2400.0 150.0 33.0 11.0 0 0 0 1 2409.0 128.0 -1 0 0
2 2727.0 117.0 25.0 13.0 0 0 0 1 2730.0 96.0 1 0 0
2 2762.0 81.0 25.0 16.0 0 0 0 2 2760.0 65.0 -1 0 0