2 738.0 82.0 30.0 98.0 0 0 0 0 0 0 0 0 0
2 706.0 82.0 30.0 15.0 0 0 0 0 0 0 0 0 0
2 610.0 50.0 30.0 15.0 0 0 0 0 0 0 0 0 0
2 642.0 114.0 30.0 15.0 0 0 0 0 0 0 0 0 0
2 512.0 114.0 130.0 62.0 0 0 0 0 0 0 0 0 0
2 482.0 0.0 30.0 174.0 0 0 0 0 0 0 0 0 0
2 418.0 114.0 62.0 29.0 0 0 0 0 0 0 0 0 0
2 366.0 19.0 80.0 18.0 0 0 0 0 0 0 0 0 0
2 305.0 81.0 80.0 18.0 0 0 0 0 0 0 0 0 0
2 224.0 146.0 64.0 32.0 0 0 0 0 0 0 0 0 0
2 161.0 146.0 30.0 15.0 0 0 0 0 0 0 0 0 0
2 162.0 0.0 30.0 46.0 0 0 0 0 0 0 0 0 0
2 258.0 49.0 30.0 15.0 0 0 0 0 0 0 0 0 0
2 33.0 50.0 95.0 15.0 0 0 0 0 0 0 0 0 0
2 0.0 0.0 32.0 175.0 0 0 0 0 0 0 0 0 0
2 675.0 106.0 7.0 7.0 0 0 0 3 0 0 0 0 0
2 695.0 75.0 7.0 7.0 0 0 0 3 0 0 0 0 0
2 760.0 0.0 8.0 79.0 0 0 0 0 0 0 0 0 0

2 538.0 104.0 25.0 10.0 0 0 0 1 538.0 83.0 1 0 0
2 606.0 42.0 19.0 8.0 0 0 0 2 600.0 19.0 1 0 0
2 215.0 136.0 26.0 10.0 0 0 0 1 216.0 114.0 -1 0 0
2 111.0 41.0 23.0 9.0 0 0 0 2 121.0 19.0 1 0 0
2 54.0 39.0 26.0 11.0 0 0 0 1 59.0 19.0 1 0 0
2 626.0 38.0 30.0 12.0 0 0 0 1 634.0 17.0 1 0 0
2 279.0 38.0 19.0 10.0 0 0 0 2 283.0 20.0 1 0 0