10011 4 10 24 40
10012 30 10 49 40
10013 58 10 78 40

10024 212 10 231 40
10022 187 10 201 40
10023 157 10 176 40

10031 4 10 24 40	

10041 212 10 231 40

10051 88 14 105 40	

10061 128 14 148 40
	
10071 6 54 30 85	
10072 54 54 71 85
10073 98 56 122 85

10081 230 53 256 85 
10082 187 54 209 85
10083 138 54 163 85

10091 9 93 33 119
10092 51 96 69 123
10093 141 101 164 123

100101 303 96 328 130 
100102 266 99 284 126
100103 171 99 194 124

100111 39 182 54 214 
100112 30 10 49 40

100121 176 179 192 209 
100122 187 10 201 40

100131 39 182 54 214 

100141 176 179 192 209 
