20001 18 22 26 46 2000
20002 41 21 56 40 2000
20003 74 22 97 30 2000

20004 174 26 182 50  2001
20005 212 24 228 43 2001
20006 260 24 282 31 2001

21001 20 69 28 94  2002
21002 41 66 56 86 2002
21003 74 70 97 77 2002

21004 172 71 180 94 2003
21005 213 67 230 88 2003
21006 262 70 286 76 2003

22001 18 115 26 139 2004
22002 43 112 59 131 2004
22003 76 117 115 126 2004

22004 173 117 182 142 2005
22005 215 115 231 135 2005
22006 269 115 308 121 2005

23001 16 164 24 188
23002 44 161 60 181
23003 79 163 118 170

23004 171 164 184 189 
23005 221 162 238 182
23006 267 165 307 172
